// This code conforms with the UFC specification version 2017.2.0.dev0
// and was automatically generated by FFC version 2017.2.0.dev0.
//
// This code was generated with the option '-l dolfin' and
// contains DOLFIN-specific wrappers that depend on DOLFIN.
//
// This code was generated with the following parameters:
//

//  add_tabulate_tensor_timing:     False
//  convert_exceptions_to_warnings: False
//  cpp_optimize:                   True
//  cpp_optimize_flags:             '-O2'
//  epsilon:                        1e-14
//  error_control:                  False
//  external_include_dirs:          ''
//  external_includes:              ''
//  external_libraries:             ''
//  external_library_dirs:          ''
//  form_postfix:                   True
//  format:                         'dolfin'
//  generate_dummy_tabulate_tensor: False
//  max_signature_length:           0
//  optimize:                       True
//  precision:                      None
//  quadrature_degree:              None
//  quadrature_rule:                None
//  representation:                 'auto'
//  split:                          True

#include "Plas3D.h"

plas3d_finite_element_0::plas3d_finite_element_0() : ufc::finite_element()
{
    // Do nothing
}

plas3d_finite_element_0::~plas3d_finite_element_0()
{
    // Do nothing
}

const char * plas3d_finite_element_0::signature() const
{
    return "FiniteElement('Quadrature', tetrahedron, 6, quad_scheme='default')";
}

ufc::shape plas3d_finite_element_0::cell_shape() const
{
    return ufc::shape::tetrahedron;
}

std::size_t plas3d_finite_element_0::topological_dimension() const
{
    return 3;
}

std::size_t plas3d_finite_element_0::geometric_dimension() const
{
    return 3;
}

std::size_t plas3d_finite_element_0::space_dimension() const
{
    return 24;
}

std::size_t plas3d_finite_element_0::value_rank() const
{
    return 0;
}

std::size_t plas3d_finite_element_0::value_dimension(std::size_t i) const
{
    return 1;
}

std::size_t plas3d_finite_element_0::value_size() const
{
    return 1;
}

std::size_t plas3d_finite_element_0::reference_value_rank() const
{
    return 0;
}

std::size_t plas3d_finite_element_0::reference_value_dimension(std::size_t i) const
{
    return 1;
}

std::size_t plas3d_finite_element_0::reference_value_size() const
{
    return 1;
}

std::size_t plas3d_finite_element_0::degree() const
{
    return 6;
}

const char * plas3d_finite_element_0::family() const
{
    return "Quadrature";
}

void plas3d_finite_element_0::evaluate_reference_basis(double * reference_values,
                                             std::size_t num_points,
                                             const double * X) const
{
    throw std::runtime_error("evaluate_reference_basis: Function not supported/implemented for QuadratureElement.");
}

void plas3d_finite_element_0::evaluate_reference_basis_derivatives(double * reference_values,
                                                         std::size_t order,
                                                         std::size_t num_points,
                                                         const double * X) const
{
    throw std::runtime_error("evaluate_reference_basis_derivatives: Function not supported/implemented for QuadratureElement.");
}

void plas3d_finite_element_0::transform_reference_basis_derivatives(double * values,
                                                          std::size_t order,
                                                          std::size_t num_points,
                                                          const double * reference_values,
                                                          const double * X,
                                                          const double * J,
                                                          const double * detJ,
                                                          const double * K,
                                                          int cell_orientation) const
{
    throw std::runtime_error("transform_reference_basis_derivatives: Function not supported/implemented for QuadratureElement.");
}

void plas3d_finite_element_0::evaluate_basis(std::size_t i,
                                   double * values,
                                   const double * x,
                                   const double * coordinate_dofs,
                                   int cell_orientation,
                                   const ufc::coordinate_mapping * cm
                                   ) const
{
    throw std::runtime_error("evaluate_basis: Function not supported/implemented for QuadratureElement.");
}

void plas3d_finite_element_0::evaluate_basis_all(double * values,
                                       const double * x,
                                       const double * coordinate_dofs,
                                       int cell_orientation,
                                       const ufc::coordinate_mapping * cm
                                       ) const
{
    throw std::runtime_error("evaluate_basis_all: Function not supported/implemented for QuadratureElement.");
}

void plas3d_finite_element_0::evaluate_basis_derivatives(std::size_t i,
                                               std::size_t n,
                                               double * values,
                                               const double * x,
                                               const double * coordinate_dofs,
                                               int cell_orientation,
                                               const ufc::coordinate_mapping * cm
                                               ) const
{
    std::cerr << "*** FFC warning: " << "evaluate_basis_derivatives: Function not supported/implemented for QuadratureElement." << std::endl;
}

void plas3d_finite_element_0::evaluate_basis_derivatives_all(std::size_t n,
                                                   double * values,
                                                   const double * x,
                                                   const double * coordinate_dofs,
                                                   int cell_orientation,
                                                   const ufc::coordinate_mapping * cm
                                                   ) const
{
    std::cerr << "*** FFC warning: " << "evaluate_basis_derivatives_all: Function not supported/implemented for QuadratureElement." << std::endl;
}

double plas3d_finite_element_0::evaluate_dof(std::size_t i,
                                   const ufc::function& f,
                                   const double * coordinate_dofs,
                                   int cell_orientation,
                                   const ufc::cell& c,
                                   const ufc::coordinate_mapping * cm
                                   ) const
{
    // Declare variables for result of evaluation
    double vals[1];
    // Declare variable for physical coordinates
    double y[3];
    switch (i)
    {
    case 0:
        {
            y[0] = 0.21460287125915165 * coordinate_dofs[0] + 0.3561913862225449 * coordinate_dofs[3] + 0.2146028712591517 * coordinate_dofs[6] + 0.2146028712591517 * coordinate_dofs[9];
            y[1] = 0.21460287125915165 * coordinate_dofs[1] + 0.3561913862225449 * coordinate_dofs[4] + 0.2146028712591517 * coordinate_dofs[7] + 0.2146028712591517 * coordinate_dofs[10];
            y[2] = 0.21460287125915165 * coordinate_dofs[2] + 0.3561913862225449 * coordinate_dofs[5] + 0.2146028712591517 * coordinate_dofs[8] + 0.2146028712591517 * coordinate_dofs[11];
            f.evaluate(vals, y, c);
            return vals[0];
        }
        break;
    case 1:
        {
            y[0] = 0.356191386222545 * coordinate_dofs[0] + 0.2146028712591517 * coordinate_dofs[3] + 0.2146028712591517 * coordinate_dofs[6] + 0.2146028712591517 * coordinate_dofs[9];
            y[1] = 0.356191386222545 * coordinate_dofs[1] + 0.2146028712591517 * coordinate_dofs[4] + 0.2146028712591517 * coordinate_dofs[7] + 0.2146028712591517 * coordinate_dofs[10];
            y[2] = 0.356191386222545 * coordinate_dofs[2] + 0.2146028712591517 * coordinate_dofs[5] + 0.2146028712591517 * coordinate_dofs[8] + 0.2146028712591517 * coordinate_dofs[11];
            f.evaluate(vals, y, c);
            return vals[0];
        }
        break;
    case 2:
        {
            y[0] = 0.21460287125915173 * coordinate_dofs[0] + 0.2146028712591517 * coordinate_dofs[3] + 0.2146028712591517 * coordinate_dofs[6] + 0.3561913862225449 * coordinate_dofs[9];
            y[1] = 0.21460287125915173 * coordinate_dofs[1] + 0.2146028712591517 * coordinate_dofs[4] + 0.2146028712591517 * coordinate_dofs[7] + 0.3561913862225449 * coordinate_dofs[10];
            y[2] = 0.21460287125915173 * coordinate_dofs[2] + 0.2146028712591517 * coordinate_dofs[5] + 0.2146028712591517 * coordinate_dofs[8] + 0.3561913862225449 * coordinate_dofs[11];
            f.evaluate(vals, y, c);
            return vals[0];
        }
        break;
    case 3:
        {
            y[0] = 0.2146028712591517 * coordinate_dofs[0] + 0.2146028712591517 * coordinate_dofs[3] + 0.3561913862225449 * coordinate_dofs[6] + 0.2146028712591517 * coordinate_dofs[9];
            y[1] = 0.2146028712591517 * coordinate_dofs[1] + 0.2146028712591517 * coordinate_dofs[4] + 0.3561913862225449 * coordinate_dofs[7] + 0.2146028712591517 * coordinate_dofs[10];
            y[2] = 0.2146028712591517 * coordinate_dofs[2] + 0.2146028712591517 * coordinate_dofs[5] + 0.3561913862225449 * coordinate_dofs[8] + 0.2146028712591517 * coordinate_dofs[11];
            f.evaluate(vals, y, c);
            return vals[0];
        }
        break;
    case 4:
        {
            y[0] = 0.04067395853461143 * coordinate_dofs[0] + 0.877978124396166 * coordinate_dofs[3] + 0.0406739585346113 * coordinate_dofs[6] + 0.0406739585346113 * coordinate_dofs[9];
            y[1] = 0.04067395853461143 * coordinate_dofs[1] + 0.877978124396166 * coordinate_dofs[4] + 0.0406739585346113 * coordinate_dofs[7] + 0.0406739585346113 * coordinate_dofs[10];
            y[2] = 0.04067395853461143 * coordinate_dofs[2] + 0.877978124396166 * coordinate_dofs[5] + 0.0406739585346113 * coordinate_dofs[8] + 0.0406739585346113 * coordinate_dofs[11];
            f.evaluate(vals, y, c);
            return vals[0];
        }
        break;
    case 5:
        {
            y[0] = 0.8779781243961661 * coordinate_dofs[0] + 0.0406739585346113 * coordinate_dofs[3] + 0.0406739585346113 * coordinate_dofs[6] + 0.0406739585346113 * coordinate_dofs[9];
            y[1] = 0.8779781243961661 * coordinate_dofs[1] + 0.0406739585346113 * coordinate_dofs[4] + 0.0406739585346113 * coordinate_dofs[7] + 0.0406739585346113 * coordinate_dofs[10];
            y[2] = 0.8779781243961661 * coordinate_dofs[2] + 0.0406739585346113 * coordinate_dofs[5] + 0.0406739585346113 * coordinate_dofs[8] + 0.0406739585346113 * coordinate_dofs[11];
            f.evaluate(vals, y, c);
            return vals[0];
        }
        break;
    case 6:
        {
            y[0] = 0.04067395853461142 * coordinate_dofs[0] + 0.0406739585346113 * coordinate_dofs[3] + 0.0406739585346113 * coordinate_dofs[6] + 0.877978124396166 * coordinate_dofs[9];
            y[1] = 0.04067395853461142 * coordinate_dofs[1] + 0.0406739585346113 * coordinate_dofs[4] + 0.0406739585346113 * coordinate_dofs[7] + 0.877978124396166 * coordinate_dofs[10];
            y[2] = 0.04067395853461142 * coordinate_dofs[2] + 0.0406739585346113 * coordinate_dofs[5] + 0.0406739585346113 * coordinate_dofs[8] + 0.877978124396166 * coordinate_dofs[11];
            f.evaluate(vals, y, c);
            return vals[0];
        }
        break;
    case 7:
        {
            y[0] = 0.04067395853461143 * coordinate_dofs[0] + 0.0406739585346113 * coordinate_dofs[3] + 0.877978124396166 * coordinate_dofs[6] + 0.0406739585346113 * coordinate_dofs[9];
            y[1] = 0.04067395853461143 * coordinate_dofs[1] + 0.0406739585346113 * coordinate_dofs[4] + 0.877978124396166 * coordinate_dofs[7] + 0.0406739585346113 * coordinate_dofs[10];
            y[2] = 0.04067395853461143 * coordinate_dofs[2] + 0.0406739585346113 * coordinate_dofs[5] + 0.877978124396166 * coordinate_dofs[8] + 0.0406739585346113 * coordinate_dofs[11];
            f.evaluate(vals, y, c);
            return vals[0];
        }
        break;
    case 8:
        {
            y[0] = 0.3223378901422754 * coordinate_dofs[0] + 0.0329863295731731 * coordinate_dofs[3] + 0.3223378901422757 * coordinate_dofs[6] + 0.3223378901422757 * coordinate_dofs[9];
            y[1] = 0.3223378901422754 * coordinate_dofs[1] + 0.0329863295731731 * coordinate_dofs[4] + 0.3223378901422757 * coordinate_dofs[7] + 0.3223378901422757 * coordinate_dofs[10];
            y[2] = 0.3223378901422754 * coordinate_dofs[2] + 0.0329863295731731 * coordinate_dofs[5] + 0.3223378901422757 * coordinate_dofs[8] + 0.3223378901422757 * coordinate_dofs[11];
            f.evaluate(vals, y, c);
            return vals[0];
        }
        break;
    case 9:
        {
            y[0] = 0.03298632957317282 * coordinate_dofs[0] + 0.3223378901422757 * coordinate_dofs[3] + 0.3223378901422757 * coordinate_dofs[6] + 0.3223378901422757 * coordinate_dofs[9];
            y[1] = 0.03298632957317282 * coordinate_dofs[1] + 0.3223378901422757 * coordinate_dofs[4] + 0.3223378901422757 * coordinate_dofs[7] + 0.3223378901422757 * coordinate_dofs[10];
            y[2] = 0.03298632957317282 * coordinate_dofs[2] + 0.3223378901422757 * coordinate_dofs[5] + 0.3223378901422757 * coordinate_dofs[8] + 0.3223378901422757 * coordinate_dofs[11];
            f.evaluate(vals, y, c);
            return vals[0];
        }
        break;
    case 10:
        {
            y[0] = 0.32233789014227543 * coordinate_dofs[0] + 0.3223378901422757 * coordinate_dofs[3] + 0.3223378901422757 * coordinate_dofs[6] + 0.0329863295731731 * coordinate_dofs[9];
            y[1] = 0.32233789014227543 * coordinate_dofs[1] + 0.3223378901422757 * coordinate_dofs[4] + 0.3223378901422757 * coordinate_dofs[7] + 0.0329863295731731 * coordinate_dofs[10];
            y[2] = 0.32233789014227543 * coordinate_dofs[2] + 0.3223378901422757 * coordinate_dofs[5] + 0.3223378901422757 * coordinate_dofs[8] + 0.0329863295731731 * coordinate_dofs[11];
            f.evaluate(vals, y, c);
            return vals[0];
        }
        break;
    case 11:
        {
            y[0] = 0.3223378901422754 * coordinate_dofs[0] + 0.3223378901422757 * coordinate_dofs[3] + 0.0329863295731731 * coordinate_dofs[6] + 0.3223378901422757 * coordinate_dofs[9];
            y[1] = 0.3223378901422754 * coordinate_dofs[1] + 0.3223378901422757 * coordinate_dofs[4] + 0.0329863295731731 * coordinate_dofs[7] + 0.3223378901422757 * coordinate_dofs[10];
            y[2] = 0.3223378901422754 * coordinate_dofs[2] + 0.3223378901422757 * coordinate_dofs[5] + 0.0329863295731731 * coordinate_dofs[8] + 0.3223378901422757 * coordinate_dofs[11];
            f.evaluate(vals, y, c);
            return vals[0];
        }
        break;
    case 12:
        {
            y[0] = 0.6030056647916493 * coordinate_dofs[0] + 0.2696723314583159 * coordinate_dofs[3] + 0.0636610018750175 * coordinate_dofs[6] + 0.0636610018750175 * coordinate_dofs[9];
            y[1] = 0.6030056647916493 * coordinate_dofs[1] + 0.2696723314583159 * coordinate_dofs[4] + 0.0636610018750175 * coordinate_dofs[7] + 0.0636610018750175 * coordinate_dofs[10];
            y[2] = 0.6030056647916493 * coordinate_dofs[2] + 0.2696723314583159 * coordinate_dofs[5] + 0.0636610018750175 * coordinate_dofs[8] + 0.0636610018750175 * coordinate_dofs[11];
            f.evaluate(vals, y, c);
            return vals[0];
        }
        break;
    case 13:
        {
            y[0] = 0.6030056647916493 * coordinate_dofs[0] + 0.0636610018750175 * coordinate_dofs[3] + 0.2696723314583159 * coordinate_dofs[6] + 0.0636610018750175 * coordinate_dofs[9];
            y[1] = 0.6030056647916493 * coordinate_dofs[1] + 0.0636610018750175 * coordinate_dofs[4] + 0.2696723314583159 * coordinate_dofs[7] + 0.0636610018750175 * coordinate_dofs[10];
            y[2] = 0.6030056647916493 * coordinate_dofs[2] + 0.0636610018750175 * coordinate_dofs[5] + 0.2696723314583159 * coordinate_dofs[8] + 0.0636610018750175 * coordinate_dofs[11];
            f.evaluate(vals, y, c);
            return vals[0];
        }
        break;
    case 14:
        {
            y[0] = 0.6030056647916493 * coordinate_dofs[0] + 0.0636610018750175 * coordinate_dofs[3] + 0.0636610018750175 * coordinate_dofs[6] + 0.2696723314583159 * coordinate_dofs[9];
            y[1] = 0.6030056647916493 * coordinate_dofs[1] + 0.0636610018750175 * coordinate_dofs[4] + 0.0636610018750175 * coordinate_dofs[7] + 0.2696723314583159 * coordinate_dofs[10];
            y[2] = 0.6030056647916493 * coordinate_dofs[2] + 0.0636610018750175 * coordinate_dofs[5] + 0.0636610018750175 * coordinate_dofs[8] + 0.2696723314583159 * coordinate_dofs[11];
            f.evaluate(vals, y, c);
            return vals[0];
        }
        break;
    case 15:
        {
            y[0] = 0.26967233145831593 * coordinate_dofs[0] + 0.6030056647916491 * coordinate_dofs[3] + 0.0636610018750175 * coordinate_dofs[6] + 0.0636610018750175 * coordinate_dofs[9];
            y[1] = 0.26967233145831593 * coordinate_dofs[1] + 0.6030056647916491 * coordinate_dofs[4] + 0.0636610018750175 * coordinate_dofs[7] + 0.0636610018750175 * coordinate_dofs[10];
            y[2] = 0.26967233145831593 * coordinate_dofs[2] + 0.6030056647916491 * coordinate_dofs[5] + 0.0636610018750175 * coordinate_dofs[8] + 0.0636610018750175 * coordinate_dofs[11];
            f.evaluate(vals, y, c);
            return vals[0];
        }
        break;
    case 16:
        {
            y[0] = 0.269672331458316 * coordinate_dofs[0] + 0.0636610018750175 * coordinate_dofs[3] + 0.6030056647916491 * coordinate_dofs[6] + 0.0636610018750175 * coordinate_dofs[9];
            y[1] = 0.269672331458316 * coordinate_dofs[1] + 0.0636610018750175 * coordinate_dofs[4] + 0.6030056647916491 * coordinate_dofs[7] + 0.0636610018750175 * coordinate_dofs[10];
            y[2] = 0.269672331458316 * coordinate_dofs[2] + 0.0636610018750175 * coordinate_dofs[5] + 0.6030056647916491 * coordinate_dofs[8] + 0.0636610018750175 * coordinate_dofs[11];
            f.evaluate(vals, y, c);
            return vals[0];
        }
        break;
    case 17:
        {
            y[0] = 0.26967233145831604 * coordinate_dofs[0] + 0.0636610018750175 * coordinate_dofs[3] + 0.0636610018750175 * coordinate_dofs[6] + 0.6030056647916491 * coordinate_dofs[9];
            y[1] = 0.26967233145831604 * coordinate_dofs[1] + 0.0636610018750175 * coordinate_dofs[4] + 0.0636610018750175 * coordinate_dofs[7] + 0.6030056647916491 * coordinate_dofs[10];
            y[2] = 0.26967233145831604 * coordinate_dofs[2] + 0.0636610018750175 * coordinate_dofs[5] + 0.0636610018750175 * coordinate_dofs[8] + 0.6030056647916491 * coordinate_dofs[11];
            f.evaluate(vals, y, c);
            return vals[0];
        }
        break;
    case 18:
        {
            y[0] = 0.06366100187501766 * coordinate_dofs[0] + 0.0636610018750175 * coordinate_dofs[3] + 0.2696723314583159 * coordinate_dofs[6] + 0.6030056647916491 * coordinate_dofs[9];
            y[1] = 0.06366100187501766 * coordinate_dofs[1] + 0.0636610018750175 * coordinate_dofs[4] + 0.2696723314583159 * coordinate_dofs[7] + 0.6030056647916491 * coordinate_dofs[10];
            y[2] = 0.06366100187501766 * coordinate_dofs[2] + 0.0636610018750175 * coordinate_dofs[5] + 0.2696723314583159 * coordinate_dofs[8] + 0.6030056647916491 * coordinate_dofs[11];
            f.evaluate(vals, y, c);
            return vals[0];
        }
        break;
    case 19:
        {
            y[0] = 0.06366100187501761 * coordinate_dofs[0] + 0.2696723314583159 * coordinate_dofs[3] + 0.6030056647916491 * coordinate_dofs[6] + 0.0636610018750175 * coordinate_dofs[9];
            y[1] = 0.06366100187501761 * coordinate_dofs[1] + 0.2696723314583159 * coordinate_dofs[4] + 0.6030056647916491 * coordinate_dofs[7] + 0.0636610018750175 * coordinate_dofs[10];
            y[2] = 0.06366100187501761 * coordinate_dofs[2] + 0.2696723314583159 * coordinate_dofs[5] + 0.6030056647916491 * coordinate_dofs[8] + 0.0636610018750175 * coordinate_dofs[11];
            f.evaluate(vals, y, c);
            return vals[0];
        }
        break;
    case 20:
        {
            y[0] = 0.06366100187501755 * coordinate_dofs[0] + 0.6030056647916491 * coordinate_dofs[3] + 0.0636610018750175 * coordinate_dofs[6] + 0.2696723314583159 * coordinate_dofs[9];
            y[1] = 0.06366100187501755 * coordinate_dofs[1] + 0.6030056647916491 * coordinate_dofs[4] + 0.0636610018750175 * coordinate_dofs[7] + 0.2696723314583159 * coordinate_dofs[10];
            y[2] = 0.06366100187501755 * coordinate_dofs[2] + 0.6030056647916491 * coordinate_dofs[5] + 0.0636610018750175 * coordinate_dofs[8] + 0.2696723314583159 * coordinate_dofs[11];
            f.evaluate(vals, y, c);
            return vals[0];
        }
        break;
    case 21:
        {
            y[0] = 0.06366100187501761 * coordinate_dofs[0] + 0.0636610018750175 * coordinate_dofs[3] + 0.6030056647916491 * coordinate_dofs[6] + 0.2696723314583159 * coordinate_dofs[9];
            y[1] = 0.06366100187501761 * coordinate_dofs[1] + 0.0636610018750175 * coordinate_dofs[4] + 0.6030056647916491 * coordinate_dofs[7] + 0.2696723314583159 * coordinate_dofs[10];
            y[2] = 0.06366100187501761 * coordinate_dofs[2] + 0.0636610018750175 * coordinate_dofs[5] + 0.6030056647916491 * coordinate_dofs[8] + 0.2696723314583159 * coordinate_dofs[11];
            f.evaluate(vals, y, c);
            return vals[0];
        }
        break;
    case 22:
        {
            y[0] = 0.06366100187501766 * coordinate_dofs[0] + 0.2696723314583159 * coordinate_dofs[3] + 0.0636610018750175 * coordinate_dofs[6] + 0.6030056647916491 * coordinate_dofs[9];
            y[1] = 0.06366100187501766 * coordinate_dofs[1] + 0.2696723314583159 * coordinate_dofs[4] + 0.0636610018750175 * coordinate_dofs[7] + 0.6030056647916491 * coordinate_dofs[10];
            y[2] = 0.06366100187501766 * coordinate_dofs[2] + 0.2696723314583159 * coordinate_dofs[5] + 0.0636610018750175 * coordinate_dofs[8] + 0.6030056647916491 * coordinate_dofs[11];
            f.evaluate(vals, y, c);
            return vals[0];
        }
        break;
    case 23:
        {
            y[0] = 0.06366100187501755 * coordinate_dofs[0] + 0.6030056647916491 * coordinate_dofs[3] + 0.2696723314583159 * coordinate_dofs[6] + 0.0636610018750175 * coordinate_dofs[9];
            y[1] = 0.06366100187501755 * coordinate_dofs[1] + 0.6030056647916491 * coordinate_dofs[4] + 0.2696723314583159 * coordinate_dofs[7] + 0.0636610018750175 * coordinate_dofs[10];
            y[2] = 0.06366100187501755 * coordinate_dofs[2] + 0.6030056647916491 * coordinate_dofs[5] + 0.2696723314583159 * coordinate_dofs[8] + 0.0636610018750175 * coordinate_dofs[11];
            f.evaluate(vals, y, c);
            return vals[0];
        }
        break;
    }
    return 0.0;
}

void plas3d_finite_element_0::evaluate_dofs(double * values,
                                  const ufc::function& f,
                                  const double * coordinate_dofs,
                                  int cell_orientation,
                                  const ufc::cell& c,
                                  const ufc::coordinate_mapping * cm
                                  ) const
{
    // Declare variables for result of evaluation
    double vals[1];
    // Declare variable for physical coordinates
    double y[3];
    y[0] = 0.21460287125915165 * coordinate_dofs[0] + 0.3561913862225449 * coordinate_dofs[3] + 0.2146028712591517 * coordinate_dofs[6] + 0.2146028712591517 * coordinate_dofs[9];
    y[1] = 0.21460287125915165 * coordinate_dofs[1] + 0.3561913862225449 * coordinate_dofs[4] + 0.2146028712591517 * coordinate_dofs[7] + 0.2146028712591517 * coordinate_dofs[10];
    y[2] = 0.21460287125915165 * coordinate_dofs[2] + 0.3561913862225449 * coordinate_dofs[5] + 0.2146028712591517 * coordinate_dofs[8] + 0.2146028712591517 * coordinate_dofs[11];
    f.evaluate(vals, y, c);
    values[0] = vals[0];
    y[0] = 0.356191386222545 * coordinate_dofs[0] + 0.2146028712591517 * coordinate_dofs[3] + 0.2146028712591517 * coordinate_dofs[6] + 0.2146028712591517 * coordinate_dofs[9];
    y[1] = 0.356191386222545 * coordinate_dofs[1] + 0.2146028712591517 * coordinate_dofs[4] + 0.2146028712591517 * coordinate_dofs[7] + 0.2146028712591517 * coordinate_dofs[10];
    y[2] = 0.356191386222545 * coordinate_dofs[2] + 0.2146028712591517 * coordinate_dofs[5] + 0.2146028712591517 * coordinate_dofs[8] + 0.2146028712591517 * coordinate_dofs[11];
    f.evaluate(vals, y, c);
    values[1] = vals[0];
    y[0] = 0.21460287125915173 * coordinate_dofs[0] + 0.2146028712591517 * coordinate_dofs[3] + 0.2146028712591517 * coordinate_dofs[6] + 0.3561913862225449 * coordinate_dofs[9];
    y[1] = 0.21460287125915173 * coordinate_dofs[1] + 0.2146028712591517 * coordinate_dofs[4] + 0.2146028712591517 * coordinate_dofs[7] + 0.3561913862225449 * coordinate_dofs[10];
    y[2] = 0.21460287125915173 * coordinate_dofs[2] + 0.2146028712591517 * coordinate_dofs[5] + 0.2146028712591517 * coordinate_dofs[8] + 0.3561913862225449 * coordinate_dofs[11];
    f.evaluate(vals, y, c);
    values[2] = vals[0];
    y[0] = 0.2146028712591517 * coordinate_dofs[0] + 0.2146028712591517 * coordinate_dofs[3] + 0.3561913862225449 * coordinate_dofs[6] + 0.2146028712591517 * coordinate_dofs[9];
    y[1] = 0.2146028712591517 * coordinate_dofs[1] + 0.2146028712591517 * coordinate_dofs[4] + 0.3561913862225449 * coordinate_dofs[7] + 0.2146028712591517 * coordinate_dofs[10];
    y[2] = 0.2146028712591517 * coordinate_dofs[2] + 0.2146028712591517 * coordinate_dofs[5] + 0.3561913862225449 * coordinate_dofs[8] + 0.2146028712591517 * coordinate_dofs[11];
    f.evaluate(vals, y, c);
    values[3] = vals[0];
    y[0] = 0.04067395853461143 * coordinate_dofs[0] + 0.877978124396166 * coordinate_dofs[3] + 0.0406739585346113 * coordinate_dofs[6] + 0.0406739585346113 * coordinate_dofs[9];
    y[1] = 0.04067395853461143 * coordinate_dofs[1] + 0.877978124396166 * coordinate_dofs[4] + 0.0406739585346113 * coordinate_dofs[7] + 0.0406739585346113 * coordinate_dofs[10];
    y[2] = 0.04067395853461143 * coordinate_dofs[2] + 0.877978124396166 * coordinate_dofs[5] + 0.0406739585346113 * coordinate_dofs[8] + 0.0406739585346113 * coordinate_dofs[11];
    f.evaluate(vals, y, c);
    values[4] = vals[0];
    y[0] = 0.8779781243961661 * coordinate_dofs[0] + 0.0406739585346113 * coordinate_dofs[3] + 0.0406739585346113 * coordinate_dofs[6] + 0.0406739585346113 * coordinate_dofs[9];
    y[1] = 0.8779781243961661 * coordinate_dofs[1] + 0.0406739585346113 * coordinate_dofs[4] + 0.0406739585346113 * coordinate_dofs[7] + 0.0406739585346113 * coordinate_dofs[10];
    y[2] = 0.8779781243961661 * coordinate_dofs[2] + 0.0406739585346113 * coordinate_dofs[5] + 0.0406739585346113 * coordinate_dofs[8] + 0.0406739585346113 * coordinate_dofs[11];
    f.evaluate(vals, y, c);
    values[5] = vals[0];
    y[0] = 0.04067395853461142 * coordinate_dofs[0] + 0.0406739585346113 * coordinate_dofs[3] + 0.0406739585346113 * coordinate_dofs[6] + 0.877978124396166 * coordinate_dofs[9];
    y[1] = 0.04067395853461142 * coordinate_dofs[1] + 0.0406739585346113 * coordinate_dofs[4] + 0.0406739585346113 * coordinate_dofs[7] + 0.877978124396166 * coordinate_dofs[10];
    y[2] = 0.04067395853461142 * coordinate_dofs[2] + 0.0406739585346113 * coordinate_dofs[5] + 0.0406739585346113 * coordinate_dofs[8] + 0.877978124396166 * coordinate_dofs[11];
    f.evaluate(vals, y, c);
    values[6] = vals[0];
    y[0] = 0.04067395853461143 * coordinate_dofs[0] + 0.0406739585346113 * coordinate_dofs[3] + 0.877978124396166 * coordinate_dofs[6] + 0.0406739585346113 * coordinate_dofs[9];
    y[1] = 0.04067395853461143 * coordinate_dofs[1] + 0.0406739585346113 * coordinate_dofs[4] + 0.877978124396166 * coordinate_dofs[7] + 0.0406739585346113 * coordinate_dofs[10];
    y[2] = 0.04067395853461143 * coordinate_dofs[2] + 0.0406739585346113 * coordinate_dofs[5] + 0.877978124396166 * coordinate_dofs[8] + 0.0406739585346113 * coordinate_dofs[11];
    f.evaluate(vals, y, c);
    values[7] = vals[0];
    y[0] = 0.3223378901422754 * coordinate_dofs[0] + 0.0329863295731731 * coordinate_dofs[3] + 0.3223378901422757 * coordinate_dofs[6] + 0.3223378901422757 * coordinate_dofs[9];
    y[1] = 0.3223378901422754 * coordinate_dofs[1] + 0.0329863295731731 * coordinate_dofs[4] + 0.3223378901422757 * coordinate_dofs[7] + 0.3223378901422757 * coordinate_dofs[10];
    y[2] = 0.3223378901422754 * coordinate_dofs[2] + 0.0329863295731731 * coordinate_dofs[5] + 0.3223378901422757 * coordinate_dofs[8] + 0.3223378901422757 * coordinate_dofs[11];
    f.evaluate(vals, y, c);
    values[8] = vals[0];
    y[0] = 0.03298632957317282 * coordinate_dofs[0] + 0.3223378901422757 * coordinate_dofs[3] + 0.3223378901422757 * coordinate_dofs[6] + 0.3223378901422757 * coordinate_dofs[9];
    y[1] = 0.03298632957317282 * coordinate_dofs[1] + 0.3223378901422757 * coordinate_dofs[4] + 0.3223378901422757 * coordinate_dofs[7] + 0.3223378901422757 * coordinate_dofs[10];
    y[2] = 0.03298632957317282 * coordinate_dofs[2] + 0.3223378901422757 * coordinate_dofs[5] + 0.3223378901422757 * coordinate_dofs[8] + 0.3223378901422757 * coordinate_dofs[11];
    f.evaluate(vals, y, c);
    values[9] = vals[0];
    y[0] = 0.32233789014227543 * coordinate_dofs[0] + 0.3223378901422757 * coordinate_dofs[3] + 0.3223378901422757 * coordinate_dofs[6] + 0.0329863295731731 * coordinate_dofs[9];
    y[1] = 0.32233789014227543 * coordinate_dofs[1] + 0.3223378901422757 * coordinate_dofs[4] + 0.3223378901422757 * coordinate_dofs[7] + 0.0329863295731731 * coordinate_dofs[10];
    y[2] = 0.32233789014227543 * coordinate_dofs[2] + 0.3223378901422757 * coordinate_dofs[5] + 0.3223378901422757 * coordinate_dofs[8] + 0.0329863295731731 * coordinate_dofs[11];
    f.evaluate(vals, y, c);
    values[10] = vals[0];
    y[0] = 0.3223378901422754 * coordinate_dofs[0] + 0.3223378901422757 * coordinate_dofs[3] + 0.0329863295731731 * coordinate_dofs[6] + 0.3223378901422757 * coordinate_dofs[9];
    y[1] = 0.3223378901422754 * coordinate_dofs[1] + 0.3223378901422757 * coordinate_dofs[4] + 0.0329863295731731 * coordinate_dofs[7] + 0.3223378901422757 * coordinate_dofs[10];
    y[2] = 0.3223378901422754 * coordinate_dofs[2] + 0.3223378901422757 * coordinate_dofs[5] + 0.0329863295731731 * coordinate_dofs[8] + 0.3223378901422757 * coordinate_dofs[11];
    f.evaluate(vals, y, c);
    values[11] = vals[0];
    y[0] = 0.6030056647916493 * coordinate_dofs[0] + 0.2696723314583159 * coordinate_dofs[3] + 0.0636610018750175 * coordinate_dofs[6] + 0.0636610018750175 * coordinate_dofs[9];
    y[1] = 0.6030056647916493 * coordinate_dofs[1] + 0.2696723314583159 * coordinate_dofs[4] + 0.0636610018750175 * coordinate_dofs[7] + 0.0636610018750175 * coordinate_dofs[10];
    y[2] = 0.6030056647916493 * coordinate_dofs[2] + 0.2696723314583159 * coordinate_dofs[5] + 0.0636610018750175 * coordinate_dofs[8] + 0.0636610018750175 * coordinate_dofs[11];
    f.evaluate(vals, y, c);
    values[12] = vals[0];
    y[0] = 0.6030056647916493 * coordinate_dofs[0] + 0.0636610018750175 * coordinate_dofs[3] + 0.2696723314583159 * coordinate_dofs[6] + 0.0636610018750175 * coordinate_dofs[9];
    y[1] = 0.6030056647916493 * coordinate_dofs[1] + 0.0636610018750175 * coordinate_dofs[4] + 0.2696723314583159 * coordinate_dofs[7] + 0.0636610018750175 * coordinate_dofs[10];
    y[2] = 0.6030056647916493 * coordinate_dofs[2] + 0.0636610018750175 * coordinate_dofs[5] + 0.2696723314583159 * coordinate_dofs[8] + 0.0636610018750175 * coordinate_dofs[11];
    f.evaluate(vals, y, c);
    values[13] = vals[0];
    y[0] = 0.6030056647916493 * coordinate_dofs[0] + 0.0636610018750175 * coordinate_dofs[3] + 0.0636610018750175 * coordinate_dofs[6] + 0.2696723314583159 * coordinate_dofs[9];
    y[1] = 0.6030056647916493 * coordinate_dofs[1] + 0.0636610018750175 * coordinate_dofs[4] + 0.0636610018750175 * coordinate_dofs[7] + 0.2696723314583159 * coordinate_dofs[10];
    y[2] = 0.6030056647916493 * coordinate_dofs[2] + 0.0636610018750175 * coordinate_dofs[5] + 0.0636610018750175 * coordinate_dofs[8] + 0.2696723314583159 * coordinate_dofs[11];
    f.evaluate(vals, y, c);
    values[14] = vals[0];
    y[0] = 0.26967233145831593 * coordinate_dofs[0] + 0.6030056647916491 * coordinate_dofs[3] + 0.0636610018750175 * coordinate_dofs[6] + 0.0636610018750175 * coordinate_dofs[9];
    y[1] = 0.26967233145831593 * coordinate_dofs[1] + 0.6030056647916491 * coordinate_dofs[4] + 0.0636610018750175 * coordinate_dofs[7] + 0.0636610018750175 * coordinate_dofs[10];
    y[2] = 0.26967233145831593 * coordinate_dofs[2] + 0.6030056647916491 * coordinate_dofs[5] + 0.0636610018750175 * coordinate_dofs[8] + 0.0636610018750175 * coordinate_dofs[11];
    f.evaluate(vals, y, c);
    values[15] = vals[0];
    y[0] = 0.269672331458316 * coordinate_dofs[0] + 0.0636610018750175 * coordinate_dofs[3] + 0.6030056647916491 * coordinate_dofs[6] + 0.0636610018750175 * coordinate_dofs[9];
    y[1] = 0.269672331458316 * coordinate_dofs[1] + 0.0636610018750175 * coordinate_dofs[4] + 0.6030056647916491 * coordinate_dofs[7] + 0.0636610018750175 * coordinate_dofs[10];
    y[2] = 0.269672331458316 * coordinate_dofs[2] + 0.0636610018750175 * coordinate_dofs[5] + 0.6030056647916491 * coordinate_dofs[8] + 0.0636610018750175 * coordinate_dofs[11];
    f.evaluate(vals, y, c);
    values[16] = vals[0];
    y[0] = 0.26967233145831604 * coordinate_dofs[0] + 0.0636610018750175 * coordinate_dofs[3] + 0.0636610018750175 * coordinate_dofs[6] + 0.6030056647916491 * coordinate_dofs[9];
    y[1] = 0.26967233145831604 * coordinate_dofs[1] + 0.0636610018750175 * coordinate_dofs[4] + 0.0636610018750175 * coordinate_dofs[7] + 0.6030056647916491 * coordinate_dofs[10];
    y[2] = 0.26967233145831604 * coordinate_dofs[2] + 0.0636610018750175 * coordinate_dofs[5] + 0.0636610018750175 * coordinate_dofs[8] + 0.6030056647916491 * coordinate_dofs[11];
    f.evaluate(vals, y, c);
    values[17] = vals[0];
    y[0] = 0.06366100187501766 * coordinate_dofs[0] + 0.0636610018750175 * coordinate_dofs[3] + 0.2696723314583159 * coordinate_dofs[6] + 0.6030056647916491 * coordinate_dofs[9];
    y[1] = 0.06366100187501766 * coordinate_dofs[1] + 0.0636610018750175 * coordinate_dofs[4] + 0.2696723314583159 * coordinate_dofs[7] + 0.6030056647916491 * coordinate_dofs[10];
    y[2] = 0.06366100187501766 * coordinate_dofs[2] + 0.0636610018750175 * coordinate_dofs[5] + 0.2696723314583159 * coordinate_dofs[8] + 0.6030056647916491 * coordinate_dofs[11];
    f.evaluate(vals, y, c);
    values[18] = vals[0];
    y[0] = 0.06366100187501761 * coordinate_dofs[0] + 0.2696723314583159 * coordinate_dofs[3] + 0.6030056647916491 * coordinate_dofs[6] + 0.0636610018750175 * coordinate_dofs[9];
    y[1] = 0.06366100187501761 * coordinate_dofs[1] + 0.2696723314583159 * coordinate_dofs[4] + 0.6030056647916491 * coordinate_dofs[7] + 0.0636610018750175 * coordinate_dofs[10];
    y[2] = 0.06366100187501761 * coordinate_dofs[2] + 0.2696723314583159 * coordinate_dofs[5] + 0.6030056647916491 * coordinate_dofs[8] + 0.0636610018750175 * coordinate_dofs[11];
    f.evaluate(vals, y, c);
    values[19] = vals[0];
    y[0] = 0.06366100187501755 * coordinate_dofs[0] + 0.6030056647916491 * coordinate_dofs[3] + 0.0636610018750175 * coordinate_dofs[6] + 0.2696723314583159 * coordinate_dofs[9];
    y[1] = 0.06366100187501755 * coordinate_dofs[1] + 0.6030056647916491 * coordinate_dofs[4] + 0.0636610018750175 * coordinate_dofs[7] + 0.2696723314583159 * coordinate_dofs[10];
    y[2] = 0.06366100187501755 * coordinate_dofs[2] + 0.6030056647916491 * coordinate_dofs[5] + 0.0636610018750175 * coordinate_dofs[8] + 0.2696723314583159 * coordinate_dofs[11];
    f.evaluate(vals, y, c);
    values[20] = vals[0];
    y[0] = 0.06366100187501761 * coordinate_dofs[0] + 0.0636610018750175 * coordinate_dofs[3] + 0.6030056647916491 * coordinate_dofs[6] + 0.2696723314583159 * coordinate_dofs[9];
    y[1] = 0.06366100187501761 * coordinate_dofs[1] + 0.0636610018750175 * coordinate_dofs[4] + 0.6030056647916491 * coordinate_dofs[7] + 0.2696723314583159 * coordinate_dofs[10];
    y[2] = 0.06366100187501761 * coordinate_dofs[2] + 0.0636610018750175 * coordinate_dofs[5] + 0.6030056647916491 * coordinate_dofs[8] + 0.2696723314583159 * coordinate_dofs[11];
    f.evaluate(vals, y, c);
    values[21] = vals[0];
    y[0] = 0.06366100187501766 * coordinate_dofs[0] + 0.2696723314583159 * coordinate_dofs[3] + 0.0636610018750175 * coordinate_dofs[6] + 0.6030056647916491 * coordinate_dofs[9];
    y[1] = 0.06366100187501766 * coordinate_dofs[1] + 0.2696723314583159 * coordinate_dofs[4] + 0.0636610018750175 * coordinate_dofs[7] + 0.6030056647916491 * coordinate_dofs[10];
    y[2] = 0.06366100187501766 * coordinate_dofs[2] + 0.2696723314583159 * coordinate_dofs[5] + 0.0636610018750175 * coordinate_dofs[8] + 0.6030056647916491 * coordinate_dofs[11];
    f.evaluate(vals, y, c);
    values[22] = vals[0];
    y[0] = 0.06366100187501755 * coordinate_dofs[0] + 0.6030056647916491 * coordinate_dofs[3] + 0.2696723314583159 * coordinate_dofs[6] + 0.0636610018750175 * coordinate_dofs[9];
    y[1] = 0.06366100187501755 * coordinate_dofs[1] + 0.6030056647916491 * coordinate_dofs[4] + 0.2696723314583159 * coordinate_dofs[7] + 0.0636610018750175 * coordinate_dofs[10];
    y[2] = 0.06366100187501755 * coordinate_dofs[2] + 0.6030056647916491 * coordinate_dofs[5] + 0.2696723314583159 * coordinate_dofs[8] + 0.0636610018750175 * coordinate_dofs[11];
    f.evaluate(vals, y, c);
    values[23] = vals[0];
}

void plas3d_finite_element_0::interpolate_vertex_values(double * vertex_values,
                                              const double * dof_values,
                                              const double * coordinate_dofs,
                                              int cell_orientation,
                                              const ufc::coordinate_mapping * cm
                                              ) const
{
    throw std::runtime_error("interpolate_vertex_values: Function is not supported/implemented for QuadratureElement.");
}

void plas3d_finite_element_0::tabulate_dof_coordinates(double * dof_coordinates,
                                             const double * coordinate_dofs,
                                             const ufc::coordinate_mapping * cm
                                             ) const
{
    dof_coordinates[0] = 0.21460287125915165 * coordinate_dofs[0] + 0.3561913862225449 * coordinate_dofs[3] + 0.2146028712591517 * coordinate_dofs[6] + 0.2146028712591517 * coordinate_dofs[9];
    dof_coordinates[1] = 0.21460287125915165 * coordinate_dofs[1] + 0.3561913862225449 * coordinate_dofs[4] + 0.2146028712591517 * coordinate_dofs[7] + 0.2146028712591517 * coordinate_dofs[10];
    dof_coordinates[2] = 0.21460287125915165 * coordinate_dofs[2] + 0.3561913862225449 * coordinate_dofs[5] + 0.2146028712591517 * coordinate_dofs[8] + 0.2146028712591517 * coordinate_dofs[11];
    dof_coordinates[3] = 0.356191386222545 * coordinate_dofs[0] + 0.2146028712591517 * coordinate_dofs[3] + 0.2146028712591517 * coordinate_dofs[6] + 0.2146028712591517 * coordinate_dofs[9];
    dof_coordinates[3 + 1] = 0.356191386222545 * coordinate_dofs[1] + 0.2146028712591517 * coordinate_dofs[4] + 0.2146028712591517 * coordinate_dofs[7] + 0.2146028712591517 * coordinate_dofs[10];
